structure(c(0, 0, 0, 0, 0, 0, 0, 0, 0, 0, 0, 0, 0, 0, 0, 0, 0, 
0, 0, 0, 0, 0, 0, 0, 0, 0, 0, 0, 0, 0, 0, 0, 0, 0, 0, 0, 0, 0, 
0, 0, 0, 0, 0, 0, 0, 0, 0, 0, 0, 0, 0, 0, 0, 0, 0, 0, 0, 0, 0, 
0, 0, 0, 0, 0, 0, 0, 0, 0, 0, 0, 0, 0, 0, 0, 0, 0, 0, 0, 0, 0, 
0, 0, 0, 0, 0, 0, 0, 0, 0, 0, 0, 0, 0, 0, 0, 0, 0, 0, 0, 0, 0, 
0, 0, 0, 0, 0, 0, 0, 0, 0, 0, 0, 0, 0, 0, 0, 0, 0, 0, 0, 0, 0, 
0, 0, 0, 0, 0, 0, 0, 0, 0, 0, 0, 0, 0, 0, 0, 0, 0, 0, 0, 0, 0, 
0, 0, 0, 0, 0, 0, 0, 0, 0, 0, 0, 0, 0, 0, 0, 0, 0, 0, 0, 0, 0, 
0, 0, 0, 0, 0, 0, 0, 0, 0, 0, 0, 0, 0, 0, 0, 0, 0, 0, 0, 0, 0, 
0, 0, 0, 0, 0, 0, 0, 0, 0, 0, 0, 0, 0, 0, 0, 0, 0, 0, 0, 0, 0, 
0, 0, 0, 0, 0, 0, 0, 0, 0, 0, 0, 0, 0, 0, 0, 0, 0, 0, 0, 0, 0, 
0, 0, 0, 0, 0, 0, 0, 0, 0, 0, 0, 0, 0, 0, 0, 0, 0, 0, 0, 0, 0, 
0, 0, 0, 0, 0, 0, 0, 0, 0, 0, 0, 0, 0, 0, 0, 0, 0, 0, 0, 0, 0, 
0, 0, 0, 0, 0, 0, 0, 0, 0, 0, 0, 0, 0, 0, 0, 0, 0, 0, 0, 0, 0, 
0, 0, 0, 0, 0, 0, 0, 0, 0, 0, 0, 0, 0, 0, 0, 0, 0, 0, 0, 0, 0, 
0, 0, 0, 0, 0, 0, 0, 0, 0, 0, 0, 0, 0, 0, 0, 0, 0, 0, 0, 0, 0, 
0, 0, 0, 0, 0, 0, 0, 0, 0, 0, 0, 0, 0, 0, 0, 0, 0, 0, 0, 0, 0, 
0, 0, 0, 0, 0, 0, 0, 0, 0, 0, 0, 0, 0, 0, 0, 0, 0, 0, 0, 0, 0, 
0, 0, 0, 0, 0, 0, 0, 0, 0, 0, 0, 0, 0, 0, 0, 0, 0, 0, 0, 0, 0, 
0, 0, 0, 0, 0, 0, 0, 0, 0, 0, 0, 0, 0, 0, 0, 0, 0, 0, 0, 0, 0, 
0, 0, 0, 0, 0, 0, 0, 0, 0, 0, 0, 0, 0, 0, 0, 0, 0, 0, 0, 0, 0, 
0, 0, 0, 0, 0, 0, 0, 0, 0, 0, 0, 0, 0, 0, 0, 0, 0, 0, 0, 0, 0, 
0, 0, 0, 0, 0, 0, 0, 0, 0, 0, 0, 0, 0, 0, 0, 0, 0, 0, 0, 0, 0, 
0, 0, 0, 0, 0, 0, 0, 0, 0, 0, 0, 0, 0, 0, 0, 0, 0, 0, 0, 0, 0, 
0, 0, 0, 0, 0, 0, 0, 0, 0, 0, 0, 0, 0, 0, 0, 0, 0, 0, 0, 0, 0, 
0, 0, 0, 0, 0, 0, 0, 0, 0, 0, 0, 0, 0, 0, 0, 0, 0, 0, 0, 0, 0, 
0, 0, 0, 0, 0, 0, 0, 0, 0, 0, 0, 0, 0, 0, 0, 0, 0, 0, 0, 0, 0, 
0, 0, 0, 0, 0, 0, 0, 0, 0, 0, 0, 0, 0, 0, 0, 0, 0, 0, 0, 0, 0, 
0, 0, 0, 0, 0, 0, 0, 0, 0, 0, 0, 0, 0, 0, 0, 0, 0, 0, 0, 0, 0, 
0, 0, 0, 0, 0, 0, 0, 0, 0, 0, 0, 0, 0, 0, 0, 0, 0, 0, 0, 0, 0, 
0, 0, 0, 0, 0, 0, 0, 0, 0, 0, 0, 0, 0, 0, 0, 0, 0, 0, 0, 0, 0, 
0, 0, 0, 0, 0, 0, 0, 0, 0, 0, 0, 0, 0, 0, 0, 0, 0, 0, 0, 0, 0, 
0, 0, 0, 0, 0, 0, 0, 0, 0, 0, 0, 0, 0, 0, 0, 0, 0, 0, 0, 0, 0, 
0, 0, 0, 0, 0, 0, 0, 0, 0, 0, 0, 0, 0, 0, 0, 0, 0, 0, 0, 0, 0, 
0, 0, 0, 0, 0, 0, 0, 0, 0, 0, 0, 0, 0, 0, 0, 0, 0, 0, 0, 0, 0, 
0, 0, 0, 0, 0, 0, 0, 0, 0, 0, 0, 0, 0, 0, 0, 0, 0, 0, 0, 0, 0, 
0, 0, 0, 0, 0, 0, 0, 0, 0, 0, 0, 0, 0, 0, 0, 0, 0, 0, 0, 0, 0, 
0, 0, 0, 0, 0, 0, 0, 0, 0, 0, 0, 0, 0, 0, 0, 0, 0, 0, 0, 0, 0, 
0, 0, 0, 0, 0, 0, 0, 0, 0, 0, 0, 0, 0, 0, 0, 0, 0, 0, 0, 0, 0, 
0, 0, 0, 0, 0, 0, 0, 0, 0, 0, 0, 0, 0, 0, 0, 0, 0, 0, 0, 0, 0, 
0, 0, 0, 0, 0, 0, 0, 0, 0, 0, 0, 0, 0, 0, 0, 0, 0, 0, 0, 0, 0, 
0, 0, 0, 0, 0, 0, 0, 0, 0, 0, 0, 0, 0, 0, 0, 0, 0, 0, 0, 0, 0, 
0, 0, 0, 0, 0, 0, 0, 0, 0, 0, 0, 0, 0, 0, 0, 0, 0, 0, 0, 0, 0, 
0, 0, 0, 0, 0, 0, 0, 0, 0, 0, 0, 0, 0, 0, 0, 0, 0, 0, 0, 0, 0, 
0, 0, 0, 0, 0, 0, 0, 0, 0, 0, 0, 0, 0, 0, 0, 0, 0, 0, 0, 0, 0, 
0, 0, 0, 0, 0, 0, 0, 0, 0, 0, 0, 0, 0, 0, 0, 0, 0, 0, 0, 0, 0, 
0, 0, 0, 0, 0, 0, 0, 0, 0, 0, 0, 0, 0, 0, 0, 0, 0, 0, 0, 0, 0, 
0, 0, 0, 0, 0, 0, 0, 0, 0, 0, 0, 0, 0, 0, 0, 0, 0, 0, 0, 0, 0, 
0, 0, 0, 0, 5.30750972167658e-10, 2.86600798212659e-09, 1.16136813134926e-09, 
3.76064653233732e-10, -2.76125207499887e-10, -7.25814707760339e-10, 
-1.26576531834665e-09, 0, 0, 0, 0, 0, 0, 0, -5.44098523768972e-09, 
5.44098597800047e-09, 5.4409852338713e-09, -8.33412651883082e-10, 
-5.44098523765666e-09, -5.44098523769187e-09, 5.44121339667223e-09, 
-5.44121340050998e-09, -5.44121351877836e-09, 8.33428361548273e-10, 
5.44121339666442e-09, 5.44121339667209e-09, 0, 0, 0, 0, 0, 0, 
0, 0, 0, 0, 0, 0, 0, 0, 0, 0, 0, 0, 0, 0, 0, 2.86600793321485e-09, 
1.54761875986055e-08, 6.27128437321356e-09, 2.03071560126124e-09, 
-1.49105150391206e-09, -3.91933471545951e-09, -6.83501987597365e-09, 
0, 0, 0, 0, 0, 0, 0, -2.93811236555768e-08, 2.9380779609565e-08, 
2.93808268009202e-08, -4.50040574099546e-09, -2.93811236643555e-08, 
-2.93811236626682e-08, 2.9382059584311e-08, -2.93820595842836e-08, 
-2.93820595805325e-08, 4.50037184428274e-09, 2.93820595895918e-08, 
2.93820595860527e-08, 0, 0, 0, 0, 0, 0, 0, 0, 0, 0, 0, 0, 0, 
0, 0, 0, 0, 0, 0, 0, 0, 1.16136813092654e-09, 6.27128447797079e-09, 
2.5412594733725e-09, 8.22889690903156e-10, -6.04206177571627e-10, 
-1.58819882535103e-09, -2.76969723853006e-09, 0, 0, 0, 0, 0, 
0, 0, -1.1905746895347e-08, 1.19057468953657e-08, 1.19057472868395e-08, 
-1.82364024475316e-09, -1.19057477035575e-08, -1.19057477034694e-08, 
1.19062467077613e-08, -1.19062467077242e-08, -1.19062466951243e-08, 
1.82367486117545e-09, 1.19062467077464e-08, 1.19062467077757e-08, 
0, 0, 0, 0, 0, 0, 0, 0, 0, 0, 0, 0, 0, 0, 0, 0, 0, 0, 0, 0, 0, 
3.76064652992776e-10, 2.03071563462436e-09, 8.22889690675435e-10, 
2.66461355206937e-10, -1.95649062905912e-10, -5.14277449358535e-10, 
-8.96860524381597e-10, 0, 0, 0, 0, 0, 0, 0, -3.85522062464659e-09, 
3.85522097891031e-09, 3.85522098108667e-09, -5.90516314556391e-10, 
-3.85522147658452e-09, -3.85522147660208e-09, 3.8553826097766e-09, 
-3.85538260976491e-09, -3.85538267930952e-09, 5.90527321175669e-10, 
3.85538260977784e-09, 3.8553826097766e-09, 0, 0, 0, 0, 0, 0, 
0, 0, 0, 0, 0, 0, 0, 0, 0, 0, 0, 0, 0, 0, 0, -2.76125207506619e-10, 
-1.49105152939845e-09, -6.04206177806268e-10, -1.95649063036038e-10, 
1.43655187115945e-10, 3.77607856228974e-10, 6.58519210536168e-10, 
0, 0, 0, 0, 0, 0, 0, 2.83069388494176e-09, -2.83069330751549e-09, 
-2.83069330751478e-09, 4.33586102074516e-10, 2.83069289283842e-09, 
2.83069289285316e-09, -2.83081226318456e-09, 2.83081168576505e-09, 
2.83081217926131e-09, -4.33594380857774e-10, -2.83081226318757e-09, 
-2.83081226319948e-09, 0, 0, 0, 0, 0, 0, 0, 0, 0, 0, 0, 0, 0, 
0, 0, 0, 0, 0, 0, 0, 0, -7.25814706612016e-10, -3.91933477615526e-09, 
-1.58819882341662e-09, -5.14277448874363e-10, 3.77607855622311e-10, 
9.92569051764753e-10, 1.73096448495109e-09, 0, 0, 0, 0, 0, 0, 
0, 7.44066760841882e-09, -7.44067657752042e-09, -7.44068424901348e-09, 
1.13971196490976e-09, 7.44068546840665e-09, 7.44068546836305e-09, 
-7.44098980654741e-09, 7.44099102577123e-09, 7.44098980653685e-09, 
-1.13973452130447e-09, -7.44098980653685e-09, -7.4409898065038e-09, 
0, 0, 0, 0, 0, 0, 0, 0, 0, 0, 0, 0, 0, 0, 0, 0, 0, 0, 0, 0, 0, 
-1.26576531851612e-09, -6.83501999355782e-09, -2.76969723990901e-09, 
-8.96860525076333e-10, 6.58519210608297e-10, 1.73096448792133e-09, 
3.01866963107063e-09, 0, 0, 0, 0, 0, 0, 0, 1.29759749592014e-08, 
-1.29759735967677e-08, -1.29759735967641e-08, 1.98757024521435e-09, 
1.29759722343103e-08, 1.29759722343292e-08, -1.29765170366302e-08, 
1.29765170450383e-08, 1.29765186766166e-08, -1.98760729473014e-09, 
-1.29765170366156e-08, -1.29765170366302e-08, 0, 0, 0, 0, 0, 
0, 0, 0, 0, 0, 0, 0, 0, 0, 0, 0, 0, 0, 0, 0, 0, 0, 0, 0, 0, 0, 
0, 0, 0, 0, 0, 0, 0, 0, 0, 0, 0, 0, 0, 0, 0, 0, 0, 0, 0, 0, 0, 
0, 0, 0, 0, 0, 0, 0, 0, 0, 0, 0, 0, 0, 0, 0, 0, 0, 0, 0, 0, 0, 
0, 0, 0, 0, 0, 0, 0, 0, 0, 0, 0, 0, 0, 0, 0, 0, 0, 0, 0, 0, 0, 
0, 0, 0, 0, 0, 0, 0, 0, 0, 0, 0, 0, 0, 0, 0, 0, 0, 0, 0, 0, 0, 
0, 0, 0, 0, 0, 0, 0, 0, 0, 0, 0, 0, 0, 0, 0, 0, 0, 0, 0, 0, 0, 
0, 0, 0, 0, 0, 0, 0, 0, 0, 0, 0, 0, 0, 0, 0, 0, 0, 0, 0, 0, 0, 
0, 0, 0, 0, 0, 0, 0, 0, 0, 0, 0, 0, 0, 0, 0, 0, 0, 0, 0, 0, 0, 
0, 0, 0, 0, 0, 0, 0, 0, 0, 0, 0, 0, 0, 0, 0, 0, 0, 0, 0, 0, 0, 
0, 0, 0, 0, 0, 0, 0, 0, 0, 0, 0, 0, 0, 0, 0, 0, 0, 0, 0, 0, 0, 
0, 0, 0, 0, 0, 0, 0, 0, 0, 0, 0, 0, 0, 0, 0, 0, 0, 0, 0, 0, 0, 
0, 0, 0, 0, 0, 0, 0, 0, 0, 0, 0, 0, 0, 0, 0, 0, 0, 0, 0, 0, 0, 
0, 0, 0, 0, 0, 0, 0, 0, 0, 0, 0, 0, 0, 0, 0, 0, 0, 0, 0, 0, 0, 
0, 0, 0, 0, 0, 0, 0, 0, 0, 0, 0, 0, 0, 0, 0, 0, 0, 0, 0, 0, 0, 
0, 0, 0, 0, 0, 0, 0, 0, 0, 0, 0, 0, 0, 0, 0, 0, 0, 0, 0, 0, 0, 
0, 0, 0, 0, 0, 0, 0, 0, 0, 0, 0, 0, 0, 0, 0, 0, 0, 0, 0, 0, 0, 
0, 0, 0, 0, 0, 0, 0, 0, 0, -5.44098538168969e-09, -2.93808364980316e-08, 
-1.19057474346758e-08, -3.8552209757117e-09, 2.8306932936369e-09, 
7.44067825011486e-09, 1.29759735825038e-08, 0, 0, 0, 0, 0, 0, 
0, 0.999999999991394, 0.213333333332841, -0.146666666666208, 
-0.133333427805757, 0.0666666666600681, 0.653333333335327, 0, 
0, 0, 0, 0, 0, 0, 0, 0, 0, 0, 0, 0, 0, 0, 0, 0, 0, 0, 0, 0, 0, 
0, 0, 0, 0, 0, 5.44098538184589e-09, 2.93808364987314e-08, 1.19057474351788e-08, 
3.85522097586338e-09, -2.8306932937764e-09, -7.44067825039731e-09, 
-1.29759735827846e-08, 0, 0, 0, 0, 0, 0, 0, 0.21333333332011, 
0.999999999977088, -0.133333333313293, -0.253333238843262, -0.479999999970916, 
0.053333333243558, 0, 0, 0, 0, 0, 0, 0, 0, 0, 0, 0, 0, 0, 0, 
0, 0, 0, 0, 0, 0, 0, 0, 0, 0, 0, 0, 0, 5.44098538276465e-09, 
2.93808365054793e-08, 1.19057474361097e-08, 3.85522097643293e-09, 
-2.83069329416242e-09, -7.44067825101785e-09, -1.29759735843727e-08, 
0, 0, 0, 0, 0, 0, 0, -0.146666666989823, -0.133333333494, 1.0000000002313, 
-0.0533332389396686, 0.2266666666121, 0.0133333332444467, 0, 
0, 0, 0, 0, 0, 0, 0, 0, 0, 0, 0, 0, 0, 0, 0, 0, 0, 0, 0, 0, 0, 
0, 0, 0, 0, 0, -8.33412755113696e-10, -4.50035465705698e-09, 
-1.82364058726004e-09, -5.90516259601416e-10, 4.33586148798037e-10, 
1.13971196774636e-09, 1.98757047419031e-09, 0, 0, 0, 0, 0, 0, 
0, -0.133333427827974, -0.253333238883831, -0.0533332388412405, 
0.999999811089542, 0.55999990550705, 0.159999905423696, 0, 0, 
0, 0, 0, 0, 0, 0, 0, 0, 0, 0, 0, 0, 0, 0, 0, 0, 0, 0, 0, 0, 0, 
0, 0, 0, 0, -5.44098538165574e-09, -2.9380836497872e-08, -1.19057474345735e-08, 
-3.8552209756864e-09, 2.83069329362395e-09, 7.44067825004018e-09, 
1.29759735824352e-08, 0, 0, 0, 0, 0, 0, 0, 0.0666666666654945, 
-0.479999999995635, 0.226666666658622, 0.559999905525478, 0.999999999990161, 
0.413333333336793, 0, 0, 0, 0, 0, 0, 0, 0, 0, 0, 0, 0, 0, 0, 
0, 0, 0, 0, 0, 0, 0, 0, 0, 0, 0, 0, 0, -5.44098538165648e-09, 
-2.9380836497713e-08, -1.19057474345605e-08, -3.8552209756887e-09, 
2.83069329362073e-09, 7.44067825009394e-09, 1.29759735824408e-08, 
0, 0, 0, 0, 0, 0, 0, 0.653333333324754, 0.0533333333348668, 0.0133333333375716, 
0.159999905526353, 0.41333333332577, 0.999999999993275, 0, 0, 
0, 0, 0, 0, 0, 0, 0, 0, 0, 0, 0, 0, 0, 0, 0, 0, 0, 0, 0, 0, 0, 
0, 0, 0, 0, 5.4412135305676e-09, 2.93820684816166e-08, 1.1906246660944e-08, 
3.85538263106676e-09, -2.83081198896087e-09, -7.44099024917606e-09, 
-1.29765176850062e-08, 0, 0, 0, 0, 0, 0, 0, 0, 0, 0, 0, 0, 0, 
0.99999999999416, 0.213333333331836, -0.146666666665566, -0.133333427804395, 
0.0666666666659588, 0.653333333330144, 0, 0, 0, 0, 0, 0, 0, 0, 
0, 0, 0, 0, 0, 0, 0, 0, 0, 0, 0, 0, 0, -5.44121353072409e-09, 
-2.93820684820825e-08, -1.19062466610753e-08, -3.85538263125861e-09, 
2.83081198905525e-09, 7.44099024946102e-09, 1.297651768527e-08, 
0, 0, 0, 0, 0, 0, 0, 0, 0, 0, 0, 0, 0, 0.213333333344477, 1.00000000003734, 
-0.133333333349174, -0.253333238864606, -0.480000000015465, 0.0533333333464702, 
0, 0, 0, 0, 0, 0, 0, 0, 0, 0, 0, 0, 0, 0, 0, 0, 0, 0, 0, 0, 0, 
-5.44121352843617e-09, -2.9382068470913e-08, -1.19062466563971e-08, 
-3.85538262958436e-09, 2.83081198782474e-09, 7.44099024651629e-09, 
1.29765176800078e-08, 0, 0, 0, 0, 0, 0, 0, 0, 0, 0, 0, 0, 0, 
-0.146666666649264, -0.133333333498434, 0.999999999948613, -0.0533332388641888, 
0.226666666857244, 0.0133333334065368, 0, 0, 0, 0, 0, 0, 0, 0, 
0, 0, 0, 0, 0, 0, 0, 0, 0, 0, 0, 0, 0, 8.33428515009485e-10, 
4.50043975908914e-09, 1.82367507228934e-09, 5.90527426342126e-10, 
-4.33594347956975e-10, -1.13973351989957e-09, -1.9876080593753e-09, 
0, 0, 0, 0, 0, 0, 0, 0, 0, 0, 0, 0, 0, -0.133333427830545, -0.253333238877053, 
-0.0533332388532987, 0.999999811073104, 0.559999905443965, 0.159999905471283, 
0, 0, 0, 0, 0, 0, 0, 0, 0, 0, 0, 0, 0, 0, 0, 0, 0, 0, 0, 0, 0, 
5.44121353062935e-09, 2.93820684819468e-08, 1.19062466610532e-08, 
3.85538263109458e-09, -2.83081198898724e-09, -7.44099024926901e-09, 
-1.2976517685146e-08, 0, 0, 0, 0, 0, 0, 0, 0, 0, 0, 0, 0, 0, 
0.0666666666603134, -0.47999999999955, 0.226666666669089, 0.559999905527719, 
0.999999999993087, 0.413333333321239, 0, 0, 0, 0, 0, 0, 0, 0, 
0, 0, 0, 0, 0, 0, 0, 0, 0, 0, 0, 0, 0, 5.44121353058744e-09, 
2.93820684817133e-08, 1.1906246660977e-08, 3.85538263107879e-09, 
-2.83081198897022e-09, -7.44099024922068e-09, -1.29765176850766e-08, 
0, 0, 0, 0, 0, 0, 0, 0, 0, 0, 0, 0, 0, 0.653333333324875, 0.0533333333302036, 
0.0133333333334878, 0.159999905528706, 0.41333333332545, 0.999999999997192
), dim = c(47L, 47L))
